user_id:1, item_id:1255

71.0639
11.877
2.95639
79.6366
0
0.728277
user_id:1, item_id:154

71.1766
11.831
2.9718
79.7989
0
0.725825
user_id:1, item_id:583

71.1918
11.8617
2.96243
79.8495
0
0.724834
user_id:2, item_id:1069

71.2117
9.40929
2.95627
80.7939
0
0.724562
user_id:2, item_id:713

71.1041
9.4159
2.95809
80.819
0
0.725641
user_id:2, item_id:931

71.1501
9.4262
2.95914
80.8698
0
0.726747
user_id:3, item_id:1160

71.1398
8.58232
2.95645
84.7754
0
0.725876
user_id:3, item_id:1068

71.0729
8.57369
2.95649
84.7722
0
0.725186
user_id:3, item_id:395

71.0703
8.58818
2.95595
84.7133
0
0.724773
user_id:4, item_id:1507

71.1263
10.4199
2.95836
78.3898
0
0.72753
user_id:4, item_id:1496

71.1589
10.4483
2.96132
78.3655
0
0.724719
user_id:4, item_id:453

71.0989
10.4251
2.96368
78.3854
0
0.725621
user_id:5, item_id:738

71.1198
9.96529
2.95636
72.8773
0
0.725631
user_id:5, item_id:1017

71.0762
9.98952
2.95652
72.9926
0
0.724956
user_id:5, item_id:1217

71.053
9.95905
2.95511
72.8785
0
0.725344
user_id:6, item_id:1154

71.0997
7.66768
2.95822
85.8863
1
0.725941
user_id:6, item_id:378

71.1045
7.66492
2.95774
85.8174
0
0.724528
user_id:6, item_id:1098

71.0582
7.65965
2.95611
85.7151
0
0.725778
user_id:7, item_id:392

71.1381
10.16
2.95693
80.7422
1
0.725894
user_id:7, item_id:1610

71.1944
10.1572
2.96252
80.7436
0
0.725178
user_id:7, item_id:1109

71.1329
10.1438
2.95638
80.656
1
0.73369
user_id:8, item_id:440

71.1392
12.8932
2.96744
73.7268
0
0.725447
user_id:8, item_id:1029

71.1369
12.8229
2.95923
73.655
0
0.724042
user_id:8, item_id:1615

71.0516
12.7975
2.95586
73.6338
0
0.728624
user_id:9, item_id:184

71.0883
11.896
2.96078
76.9123
0
0.725118
user_id:9, item_id:684

71.08
11.8914
2.95959
76.9267
0
0.724503
user_id:9, item_id:324

71.1183
11.8961
2.95491
76.939
0
0.726176
user_id:10, item_id:1

71.1994
8.0513
2.96248
76.3318
0
0.725139
user_id:10, item_id:45

71.0455
8.10199
2.96399
76.4001
0
0.725386
user_id:10, item_id:379

71.2236
8.03024
2.96564
76.4018
0
0.728003
user_id:11, item_id:723

71.1577
14.0042
2.9628
80.4402
0
0.724474
user_id:11, item_id:1060

71.0532
14.0387
2.97004
80.2833
0
0.726551
user_id:11, item_id:534

71.1166
14.0667
2.96271
80.3637
0
0.724665
user_id:12, item_id:1066

71.1041
12.3899
2.96057
72.4504
0
0.726302
user_id:12, item_id:207

71.1064
12.4006
2.95662
72.4889
0
0.726572
user_id:12, item_id:1007

71.1172
12.3706
2.95634
72.4021
1
0.724952
user_id:13, item_id:315

71.2002
8.45021
2.9718
84.4484
1
0.725096
user_id:13, item_id:1368

71.1292
8.45274
2.95694
84.1298
1
0.724866
user_id:13, item_id:153

71.1022
8.44645
2.95669
84.1637
0
0.729109
user_id:14, item_id:710

71.1509
15.0074
2.95787
79.6858
1
0.72517
user_id:14, item_id:953

71.0488
15.0016
2.95625
79.7686
0
0.725253
user_id:14, item_id:1649

71.0987
14.9962
2.95541
79.6275
0
0.724955
user_id:15, item_id:923

71.0155
11.6088
2.95591
78.7498
0
0.725307
user_id:15, item_id:9

71.0291
11.6208
2.9551
78.9134
1
0.724961
user_id:15, item_id:744

71.0136
11.6179
2.95487
78.4438
0
0.725578
user_id:16, item_id:219

71.0147
10.4858
2.95517
81.7888
0
0.724533
user_id:16, item_id:924

71.0184
10.4765
2.95642
81.9004
0
0.724285
user_id:16, item_id:1122

71.0247
10.4941
2.9573
81.8573
1
0.725325
user_id:17, item_id:1077

71.0213
17.4049
2.95613
80.8321
1
0.725331
user_id:17, item_id:1316

71.0182
17.4472
2.95456
80.5066
0
0.725108
user_id:17, item_id:811

71.0256
17.3956
2.95527
80.65
0
0.725394
user_id:18, item_id:504

71.0303
8.21377
2.95505
74.5037
0
0.72569
user_id:18, item_id:1517

71.0168
8.18252
2.95576
74.3975
0
0.724737
user_id:18, item_id:158

71.0342
8.17102
2.95499
74.5647
0
0.726709
user_id:19, item_id:438

71.0212
7.63164
2.95556
78.4984
1
0.724995
user_id:19, item_id:19

71.018
7.6412
2.95471
78.6181
0
0.724714
user_id:19, item_id:602

71.0234
7.63354
2.95488
78.5447
1
0.724666
user_id:20, item_id:522

71.0254
14.2865
2.95608
75.6164
0
0.725066
user_id:20, item_id:20

71.0236
14.3074
2.95464
75.6635
0
0.724693
user_id:20, item_id:407

71.0244
14.3293
2.95671
75.8323
0
0.724281
user_id:21, item_id:901

71.0328
8.61071
2.95516
82.382
0
0.724536
user_id:21, item_id:743

71.0215
8.64113
2.95529
82.3811
1
0.725119
user_id:21, item_id:1468

71.017
8.59904
2.95554
81.9256
0
0.72536
user_id:22, item_id:1435

71.0196
11.9242
2.95473
76.1862
0
0.725282
user_id:22, item_id:1570

70.9983
11.9755
2.95462
76.7174
0
0.724445
user_id:22, item_id:1435

71.0197
11.9251
2.95434
76.4464
0
0.725092
user_id:23, item_id:520

71.0085
8.81467
2.9545
76.8247
0
0.725072
user_id:23, item_id:203

71.0293
8.82538
2.9535
76.783
0
0.725484
user_id:23, item_id:881

71.02
8.80707
2.95541
76.7659
0
0.724219
user_id:24, item_id:673

71.0004
11.4545
2.95519
78.7223
0
0.725154
user_id:24, item_id:674

71.0173
11.4339
2.9558
79.1106
0
0.72532
user_id:24, item_id:1595

71.0198
11.4375
2.95573
79.0927
0
0.725608
user_id:25, item_id:400

71.0178
11.4607
2.95481
75.085
0
0.724541
user_id:25, item_id:1597

71.0201
11.473
2.95586
75.0067
1
0.725145
user_id:25, item_id:1604

71.0181
11.4685
2.95619
74.7693
0
0.724738
user_id:26, item_id:1145

71.0162
9.36351
2.9547
83.4775
1
0.724524
user_id:26, item_id:1576

71.0237
9.3817
2.95468
83.3087
1
0.724359
user_id:26, item_id:606

71.0233
9.40925
2.95529
83.336
0
0.725367
user_id:27, item_id:345

71.023
10.4284
2.95503
76.6019
0
0.724782
user_id:27, item_id:972

71.0212
10.3916
2.95532
76.305
0
0.725449
user_id:27, item_id:1

71.0208
10.4125
2.95485
76.3052
0
0.72526
user_id:28, item_id:916

71.0154
10.0957
2.9552
78.6937
0
0.725127
user_id:28, item_id:1476

71.0206
10.1187
2.95526
78.9286
0
0.725237
user_id:28, item_id:1518

71.0128
10.0713
2.95421
78.5838
0
0.725816
user_id:29, item_id:1074

71.0198
8.68788
2.95545
78.6033
0
0.724715
user_id:29, item_id:1674

71.0174
8.65429
2.9553
78.8799
0
0.725903
user_id:29, item_id:1297

71.0209
8.65463
2.95507
79.1163
1
0.72479
user_id:30, item_id:1677

71.0189
7.7543
2.9555
81.4388
0
0.725415
user_id:30, item_id:514

71.0132
7.75033
2.95468
81.4636
1
0.724606
user_id:30, item_id:1317

71.016
7.7577
2.95463
81.4662
1
0.725116
user_id:31, item_id:402

71.0165
9.99047
2.95481
77.5371
0
0.724783
user_id:31, item_id:1416

71.0265
10.0102
2.95638
78.029
0
0.725614
user_id:31, item_id:138

71.0253
9.99502
2.95634
77.7036
0
0.724774
user_id:32, item_id:1630

71.0192
17.6292
2.9563
82.1024
0
0.725124
user_id:32, item_id:929

71.0207
17.6445
2.95555
82.0239
0
0.724984
user_id:32, item_id:26

71.012
17.5912
2.95448
82.0481
0
0.724315
user_id:33, item_id:1144

71.0079
7.82541
2.95513
81.6659
0
0.729044
user_id:33, item_id:1450

71.0207
7.82578
2.95502
82.0412
0
0.725345
user_id:33, item_id:1672

71.0131
7.83252
2.96068
81.9019
0
0.725928
user_id:34, item_id:343

71.018
8.11139
2.95528
84.5416
0
0.724957
user_id:34, item_id:201

71.0156
8.12393
2.95474
84.3257
0
0.72483
user_id:34, item_id:424

71.0335
8.08128
2.9567
84.1363
0
0.724201
user_id:35, item_id:256

71.0161
8.93253
2.95552
82.7918
1
0.724551
user_id:35, item_id:602

71.0066
8.92088
2.95452
83.052
0
0.72449
user_id:35, item_id:99

71.0136
8.93503
2.95483
83.0516
0
0.724972
user_id:36, item_id:1621

71.0184
8.66618
2.95485
85.4723
0
0.72447
user_id:36, item_id:1507

71.0233
8.64616
2.95439
85.5365
0
0.726096
user_id:36, item_id:1676

71.011
8.64913
2.9558
85.4662
0
0.725131
user_id:37, item_id:305

71.0461
8.49558
2.95487
73.1244
0
0.726744
user_id:37, item_id:1612

71.0449
8.47611
2.95672
73.0947
0
0.724252
user_id:37, item_id:966

71.0405
8.45032
2.95546
73.3299
0
0.728494
user_id:38, item_id:66

71.0344
11.6573
2.95533
73.774
0
0.725398
user_id:38, item_id:847

71.0315
11.6114
2.96197
73.7322
0
0.724258
user_id:38, item_id:520

71.0288
11.6342
2.95749
73.7435
0
0.72499
user_id:39, item_id:1344

71.0223
11.9275
2.95631
86.2866
1
0.724821
user_id:39, item_id:1681

71.0291
11.9196
2.95631
86.3547
0
0.725221
user_id:39, item_id:513

71.0272
11.9209
2.95632
86.3765
1
0.724655
user_id:40, item_id:959

71.0265
7.4188
2.95728
83.0803
1
0.726393
user_id:40, item_id:1436

71.0613
7.41103
2.95572
82.8937
0
0.728652
user_id:40, item_id:1027

71.0279
7.40829
2.95494
82.6693
0
0.724719
user_id:41, item_id:354

71.0253
9.6056
2.95506
74.2117
0
0.72486
user_id:41, item_id:1599

71.0262
9.59403
2.9551
74.2461
0
0.724365
user_id:41, item_id:521

71.0174
9.6158
2.95619
74.2112
0
0.724853
user_id:42, item_id:493

71.0183
8.30724
2.95576
74.0113
0
0.725481
user_id:42, item_id:1547

71.0141
8.33501
2.95502
74.2084
0
0.724483
user_id:42, item_id:1451

71.0289
8.35612
2.95517
74.0472
0
0.725746
user_id:43, item_id:279

71.0181
11.9103
2.95505
76.8965
0
0.724547
user_id:43, item_id:769

71.012
11.9592
2.95509
77.0728
0
0.724763
user_id:43, item_id:979

71.0189
11.9293
2.95443
77.0597
0
0.724859
user_id:44, item_id:29

71.0143
8.2673
2.95557
74.9364
0
0.724739
user_id:44, item_id:873

71.0107
8.27824
2.95576
74.7591
0
0.725348
user_id:44, item_id:940

71.0103
8.28572
2.95427
74.8159
0
0.725297
user_id:45, item_id:453

71.0165
7.92688
2.95509
74.3289
1
0.725384
user_id:45, item_id:889

71.0172
7.92592
2.95501
74.1512
0
0.724589
user_id:45, item_id:1302

71.0191
7.93945
2.9547
74.4156
1
0.727614
user_id:46, item_id:553

71.0151
7.84976
2.95578
82.5613
0
0.725058
user_id:46, item_id:588

71.0196
7.87879
2.9572
82.4719
0
0.724295
user_id:46, item_id:1127

71.0125
7.88268
2.95778
82.1961
0
0.724569
user_id:47, item_id:307

71.0174
10.8949
2.9563
80.904
1
0.724701
user_id:47, item_id:894

71.016
10.9089
2.95494
80.6757
0
0.725529
user_id:47, item_id:818

71.0304
10.9376
2.95497
80.606
0
0.724898
user_id:48, item_id:1273

71.0245
10.7723
2.95557
83.7449
0
0.725228
user_id:48, item_id:720

71.0298
10.7804
2.95576
83.6984
0
0.724842
user_id:48, item_id:1665

71.0154
10.7516
2.95481
83.7107
0
0.725495
user_id:49, item_id:1553

71.0236
13.2316
2.95457
83.2153
0
0.724693
user_id:49, item_id:383

71.0219
13.21
2.95447
83.1875
0
0.724947
user_id:49, item_id:1664

71.025
13.2439
2.9565
83.2256
0
0.725035
user_id:50, item_id:384

71.0038
8.61098
2.95457
80.3591
0
0.724817
user_id:50, item_id:1342

71.0116
8.60235
2.95615
80.3648
0
0.726903
user_id:50, item_id:1419

71.0271
8.60867
2.95474
80.3721
0
0.724379
user_id:51, item_id:1172

71.0183
8.2879
2.95529
78.3139
0
0.725387
user_id:51, item_id:15

71.0266
8.28596
2.9555
78.7317
0
0.72663
user_id:51, item_id:1096

71.0252
8.28825
2.95548
78.4515
0
0.724936
user_id:52, item_id:1453

71.0216
12.1145
2.95536
78.059
0
0.725027
user_id:52, item_id:268

71.0275
12.1048
2.9549
77.8706
0
0.724708
user_id:52, item_id:721

71.0281
12.119
2.95536
77.6949
0
0.724162
user_id:53, item_id:982

71.0579
9.50441
2.95571
74.357
0
0.724856
user_id:53, item_id:307

71.0179
9.51431
2.95544
74.1749
0
0.725274
user_id:53, item_id:1491

71.0274
9.51834
2.956
74.3377
0
0.724694
user_id:54, item_id:279

71.0269
10.033
2.95617
76.4523
1
0.724432
user_id:54, item_id:337

71.0295
10.0247
2.95531
76.4391
0
0.725466
user_id:54, item_id:682

71.0323
10.0125
2.95623
76.3305
0
0.725423
user_id:55, item_id:980

71.0317
7.52722
2.95523
76.0632
0
0.725951
user_id:55, item_id:550

71.0349
7.53704
2.95673
76.1841
0
0.725824
user_id:55, item_id:1571

71.0287
7.53955
2.95716
76.075
0
0.7253
user_id:56, item_id:600

71.0278
8.91916
2.95579
74.2657
0
0.724568
user_id:56, item_id:1103

71.0297
8.90607
2.95542
74.0806
0
0.725134
user_id:56, item_id:238

71.0321
8.93559
2.95551
74.3607
0
0.725217
user_id:57, item_id:46

71.0329
8.34401
2.9559
77.4322
0
0.724864
user_id:57, item_id:1170

71.0204
8.317
2.95853
77.2985
0
0.725281
user_id:57, item_id:1132

71.0405
8.3253
2.95542
77.0184
1
0.724383
user_id:58, item_id:624

71.0295
10.1303
2.95481
75.3984
0
0.725867
user_id:58, item_id:521

71.019
10.1203
2.955
75.3425
0
0.725127
user_id:58, item_id:170

71.0191
10.1555
2.95467
75.4
0
0.724701
user_id:59, item_id:607

71.0197
11.1215
2.95529
76.684
0
0.725176
user_id:59, item_id:393

71.024
11.121
2.95491
76.6501
0
0.725128
user_id:59, item_id:313

71.0346
11.1255
2.95777
76.653
0
0.724611
user_id:60, item_id:349

71.0386
10.4105
2.95564
74.7522
0
0.725179
user_id:60, item_id:777

71.0263
10.4172
2.95713
74.7647
1
0.725427
user_id:60, item_id:1656

71.0249
10.4192
2.95518
74.7736
0
0.72456
user_id:61, item_id:1528

71.0239
8.9424
2.95536
88.5448
0
0.726452
user_id:61, item_id:27

71.0197
8.93337
2.95548
88.5421
0
0.724019
user_id:61, item_id:1431

71.0227
8.9352
2.95558
88.5141
1
0.72514
user_id:62, item_id:942

71.0175
7.81876
2.95489
83.3582
0
0.724565
user_id:62, item_id:1481

71.0393
7.80175
2.95545
83.3569
1
0.725557
user_id:62, item_id:1459

71.0244
7.80547
2.95524
83.3902
0
0.724965
user_id:63, item_id:1664

71.0336
13.841
2.95533
81.7785
0
0.725029
user_id:63, item_id:781

71.0437
13.845
2.95604
81.783
0
0.725131
user_id:63, item_id:84

71.0254
13.8432
2.95539
81.7944
0
0.724774
user_id:64, item_id:1473

71.0382
12.1204
2.95602
78.4398
0
0.725293
user_id:64, item_id:821

71.0294
12.1412
2.95511
78.3523
0
0.724424
user_id:64, item_id:421

71.0283
12.1331
2.95528
78.2765
1
0.726437
user_id:65, item_id:233

71.0081
8.00205
2.95421
74.9308
1
0.725159
user_id:65, item_id:119

71.0135
7.98857
2.95606
74.7929
0
0.725292
user_id:65, item_id:732

71.033
8.01067
2.95861
74.6923
0
0.725044
user_id:66, item_id:1564

71.0146
20.9304
2.95561
81.985
1
0.72473
user_id:66, item_id:719

71.0247
20.9429
2.95482
81.6912
0
0.724877
user_id:66, item_id:153

71.0209
20.9376
2.95563
81.7781
1
0.725661
user_id:67, item_id:120

71.026
9.86044
2.95478
81.2043
0
0.724976
user_id:67, item_id:525

71.0351
9.866
2.95525
81.1128
1
0.724426
user_id:67, item_id:1324

71.0264
9.85052
2.95585
81.4686
0
0.725255
user_id:68, item_id:1012

71.0293
9.82377
2.95443
74.2862
0
0.724146
user_id:68, item_id:1149

71.0173
9.80418
2.9551
74.3008
0
0.724185
user_id:68, item_id:163

71.0256
9.83739
2.95525
74.2962
0
0.725302
user_id:69, item_id:943

71.0292
9.35478
2.9558
86.4224
0
0.725
user_id:69, item_id:1516

71.0304
9.34658
2.95514
86.4162
0
0.725805
user_id:69, item_id:316

71.0268
9.37147
2.95534
86.3808
0
0.724414
user_id:70, item_id:1256

71.0311
7.62906
2.95564
77.3384
0
0.72543
user_id:70, item_id:184

71.0216
7.62064
2.95508
77.3207
0
0.725211
user_id:70, item_id:854

71.0178
7.64013
2.95493
77.3542
0
0.72516
user_id:71, item_id:990

71.0284
9.83447
2.95522
74.3084
0
0.725
user_id:71, item_id:1472

71.0249
9.84096
2.95741
74.3346
0
0.724674
user_id:71, item_id:881

71.0245
9.85573
2.95634
74.3207
0
0.726099
user_id:72, item_id:499

71.019
7.74051
2.95498
77.2882
0
0.725046
user_id:72, item_id:733

71.0111
7.74522
2.95643
77.291
0
0.724853
user_id:72, item_id:440

71.021
7.75501
2.95439
77.2931
0
0.725479
user_id:73, item_id:276

71.0123
9.46841
2.95485
77.3188
0
0.725116
user_id:73, item_id:475

71.0142
9.46878
2.95498
77.3411
0
0.724893
user_id:73, item_id:982

71.037
9.45134
2.95546
77.3255
0
0.725241
user_id:74, item_id:361

71.012
9.38337
2.95495
81.0379
1
0.724818
user_id:74, item_id:26

71.0144
9.37241
2.95498
81.0817
0
0.724751
user_id:74, item_id:121

71.0077
9.37571
2.95451
81.0903
0
0.725412
user_id:75, item_id:542

71.0106
10.1371
2.95475
78.2275
1
0.724979
user_id:75, item_id:259

71.0201
10.1525
2.95484
78.2085
0
0.724888
user_id:75, item_id:0

71.0133
10.1444
2.95507
78.2105
0
0.72512
user_id:76, item_id:1274

71.0327
8.73114
2.95493
80.1436
0
0.724959
user_id:76, item_id:1583

71.0254
8.68111
2.95495
80.1517
1
0.724413
user_id:76, item_id:479

71.0112
8.69338
2.95495
80.2005
0
0.72535
user_id:77, item_id:1188

71.0152
12.0815
2.95464
82.0605
0
0.725241
user_id:77, item_id:1464

71.0164
12.076
2.95439
82.0612
0
0.724716
user_id:77, item_id:1005

71.0128
12.0663
2.95453
82.0557
1
0.724673
user_id:78, item_id:590

71.0068
7.86553
2.95424
80.391
0
0.724619
user_id:78, item_id:554

71.011
7.85769
2.95467
80.4193
0
0.725469
user_id:78, item_id:232

71.0156
7.83586
2.95506
80.5132
0
0.725003
user_id:79, item_id:513

71.0162
7.95351
2.95507
80.9914
1
0.724714
user_id:79, item_id:1257

71.0113
7.98229
2.95448
80.994
0
0.725122
user_id:79, item_id:1509

71.0427
7.96324
2.95463
81.3019
0
0.724756
user_id:80, item_id:830

71.0086
8.33229
2.95347
72.691
0
0.725733
user_id:80, item_id:832

71.0117
8.33039
2.95378
72.7875
1
0.724811
user_id:80, item_id:1453

71.0073
8.34267
2.95536
72.6336
0
0.725172
user_id:81, item_id:2

71.0067
10.8115
2.9556
73.6577
0
0.725216
user_id:81, item_id:1582

71.0208
10.8225
2.95589
73.5879
0
0.724931
user_id:81, item_id:1243

71.0154
10.8083
2.955
73.6377
0
0.724696
user_id:82, item_id:643

71.0175
13.9187
2.95508
84.8043
0
0.725565
user_id:82, item_id:400

71.0139
13.9119
2.95433
84.7795
1
0.724025
user_id:82, item_id:54

71.0105
13.9162
2.95453
84.6123
0
0.725471
user_id:83, item_id:1084

71.016
8.93527
2.9554
77.8875
1
0.725509
user_id:83, item_id:436

71.0218
8.96523
2.95499
78.3456
0
0.725184
user_id:83, item_id:529

71.0262
8.95606
2.95521
78.0252
0
0.725027
user_id:84, item_id:384

71.0214
8.39691
2.95526
78.7314
0
0.725022
user_id:84, item_id:797

71.0224
8.3852
2.95488
78.5305
0
0.725351
user_id:84, item_id:555

71.0264
8.39135
2.95597
78.638
0
0.725239
user_id:85, item_id:265

71.0199
9.4976
2.95514
81.6714
1
0.724736
user_id:85, item_id:1100

71.0129
9.50084
2.95449
81.7626
0
0.725519
user_id:85, item_id:574

71.0172
9.51115
2.9554
81.5949
0
0.725466
user_id:86, item_id:265

71.0035
7.44333
2.95535
83.6336
0
0.723882
user_id:86, item_id:692

71.013
7.44164
2.95575
83.5036
0
0.724628
user_id:86, item_id:236

71.0147
7.44177
2.95464
83.5843
0
0.725983
user_id:87, item_id:744

71.0117
10.4076
2.9549
74.763
0
0.724661
user_id:87, item_id:1640

71.0035
10.3559
2.9552
74.9382
0
0.724717
user_id:87, item_id:18

71.0031
10.3518
2.95448
74.7282
0
0.725111
user_id:88, item_id:1509

71.0113
10.2272
2.95469
84.7738
0
0.724873
user_id:88, item_id:548

71.0192
10.2261
2.95375
85.0263
0
0.72553
user_id:88, item_id:332

71.0205
10.2323
2.95529
84.8395
0
0.725158
user_id:89, item_id:1502

71.0174
8.93059
2.95401
74.362
0
0.725095
user_id:89, item_id:822

71.0081
8.93236
2.95447
74.3669
0
0.724865
user_id:89, item_id:1590

71.0139
8.94587
2.95469
73.8574
0
0.724348
user_id:90, item_id:1329

71.0098
21.4406
2.95398
79.1365
0
0.724943
user_id:90, item_id:1652

71.0152
21.4284
2.95521
79.2937
0
0.725041
user_id:90, item_id:500

71.0244
21.4189
2.95513
79.2711
0
0.724788
user_id:91, item_id:860

71.0222
13.3146
2.95587
77.9682
0
0.725247
user_id:91, item_id:1414

71.0195
13.2898
2.95451
77.9008
0
0.725362
user_id:91, item_id:400

71.0182
13.3046
2.95542
77.9957
0
0.724824
user_id:92, item_id:421

71.022
14.228
2.95468
80.6622
0
0.725573
user_id:92, item_id:375

71.0105
14.2316
2.9546
80.6215
0
0.72501
user_id:92, item_id:560

71.0209
14.2452
2.95559
80.9806
1
0.725078
user_id:93, item_id:476

71.0251
12.2322
2.95529
77.9167
0
0.725239
user_id:93, item_id:1219

71.0243
12.1844
2.95798
77.6551
0
0.724626
user_id:93, item_id:997

71.0207
12.2187
2.95507
78.1042
0
0.724852
user_id:94, item_id:765

71.0164
14.9344
2.95541
79.7457
0
0.725149
user_id:94, item_id:1603

71.021
14.9157
2.95649
79.5058
0
0.725242
user_id:94, item_id:1554

71.0163
14.9131
2.9552
79.6648
0
0.724956
user_id:95, item_id:1321

71.0172
11.769
2.95473
76.3275
0
0.724571
user_id:95, item_id:1628

71.0093
11.7723
2.955
76.2281
0
0.724456
user_id:95, item_id:972

71.017
11.7808
2.95479
76.6667
0
0.725107
user_id:96, item_id:1655

71.021
10.4282
2.9544
76.6282
0
0.725367
user_id:96, item_id:211

71.0209
10.4759
2.95486
76.3199
0
0.725218
user_id:96, item_id:1665

71.022
10.4315
2.95469
76.4364
0
0.724945
user_id:97, item_id:209

71.0149
7.98081
2.955
80.1601
0
0.725142
user_id:97, item_id:716

71.0116
8.03817
2.95408
80.193
0
0.724445
user_id:97, item_id:1383

71.021
8.01816
2.95576
80.4845
1
0.725207
user_id:98, item_id:1669

71.0178
9.40165
2.95513
73.7676
0
0.725484
user_id:98, item_id:303

71.0165
9.40365
2.95524
73.9215
0
0.725811
user_id:98, item_id:250

71.0173
9.42212
2.95501
73.988
1
0.725147
user_id:99, item_id:320

71.0265
8.77994
2.95475
82.2914
0
0.725045
user_id:99, item_id:123

71.0196
8.79387
2.95521
82.44
0
0.724703
user_id:99, item_id:1072

71.0147
8.79053
2.95489
82.3585
0
0.724897
user_id:100, item_id:1670

71.0174
7.90579
2.95547
81.1225
0
0.725577
user_id:100, item_id:1212

71.0177
7.94725
2.9555
81.1553
0
0.725204
user_id:100, item_id:802

71.0177
7.91739
2.96032
80.845
0
0.724719
user_id:101, item_id:488

71.0261
13.5818
2.95524
74.2146
1
0.72502
user_id:101, item_id:390

71.0223
13.5951
2.95496
74.0041
0
0.725443
user_id:101, item_id:534

71.0201
13.6064
2.95497
74.4297
0
0.725137
user_id:102, item_id:888

71.0168
7.87862
2.95496
79
0
0.725408
user_id:102, item_id:572

71.0172
7.88028
2.95385
78.8145
0
0.725151
user_id:102, item_id:669

71.015
7.88374
2.95446
79.0281
0
0.724682
user_id:103, item_id:1209

71.0101
7.88848
2.95493
75.3913
0
0.725094
user_id:103, item_id:808

71.0136
7.84546
2.95498
75.2588
0
0.725189
user_id:103, item_id:207

71.0071
7.85612
2.95585
75.3748
0
0.725231
user_id:104, item_id:524

71.0132
8.70159
2.95462
79.9667
1
0.724725
user_id:104, item_id:1573

71.018
8.67435
2.95462
79.8953
0
0.725015
user_id:104, item_id:1570

71.0297
8.68225
2.95427
80.0673
0
0.725158
user_id:105, item_id:396

71.0214
10.9281
2.95437
82.9697
0
0.724779
user_id:105, item_id:972

71.0088
10.9753
2.95476
82.5667
0
0.72588
user_id:105, item_id:1277

71.0197
10.9281
2.95481
82.5372
0
0.725155
user_id:106, item_id:1369

71.0249
8.51235
2.95481
71.5218
0
0.724818
user_id:106, item_id:946

71.014
8.4991
2.95612
71.5131
0
0.724342
user_id:106, item_id:1248

71.0103
8.51493
2.95442
71.7062
0
0.725051
user_id:107, item_id:1112

71.0132
12.8576
2.95449
85.6964
1
0.728173
user_id:107, item_id:915

71.0165
12.8849
2.95488
85.635
0
0.72477
user_id:107, item_id:282

71.0255
12.8514
2.95476
85.8221
0
0.725254
user_id:108, item_id:813

71.0109
7.63205
2.95979
76.2949
0
0.724879
user_id:108, item_id:663

71.0042
7.62544
2.9548
76.4476
0
0.72504
user_id:108, item_id:346

71.0149
7.6211
2.95475
76.1166
0
0.724502
user_id:109, item_id:823

71.0205
10.2827
2.97057
75.7708
1
0.72452
user_id:109, item_id:743

71.0051
10.276
2.95455
75.5814
0
0.725003
user_id:109, item_id:229

71.0072
10.3467
2.95534
75.9694
0
0.725652
user_id:110, item_id:1655

71.0207
8.21252
2.95543
74.9983
1
0.725556
user_id:110, item_id:731

71.0157
8.22805
2.95521
75.4373
1
0.726544
user_id:110, item_id:1442

71.0124
8.22041
2.95504
75.2982
0
0.724955
user_id:111, item_id:775

71.0226
7.55912
2.95482
83.9809
0
0.725544
user_id:111, item_id:1219

71.0239
7.55636
2.95494
83.923
0
0.72518
user_id:111, item_id:1592

71.015
7.58761
2.95466
83.852
0
0.725468
user_id:112, item_id:1069

71.2804
12.6576
2.95468
84.405
0
0.725053
user_id:112, item_id:185

71.0113
12.6751
2.95384
84.4804
1
0.724002
user_id:112, item_id:242

71.0194
12.693
2.9537
84.3538
1
0.725746
user_id:113, item_id:1499

71.0274
17.7214
2.9558
81.6758
0
0.725623
user_id:113, item_id:1394

71.4161
17.7175
2.95524
81.6156
0
0.725288
user_id:113, item_id:1050

71.0349
17.7442
2.95441
81.7134
0
0.724378
user_id:114, item_id:1466

71.0161
12.1229
2.95498
73.8383
0
0.724876
user_id:114, item_id:1678

71.0242
12.1275
2.95475
73.8929
0
0.724696
user_id:114, item_id:702

71.0208
12.1583
2.95477
73.7979
0
0.724552
user_id:115, item_id:1114

71.0181
8.38132
2.95438
74.3303
1
0.725162
user_id:115, item_id:393

71.0284
8.38162
2.95717
74.2409
0
0.725214
user_id:115, item_id:1674

71.0252
8.38029
2.95526
74.2779
1
0.725461
user_id:116, item_id:709

71.0385
8.09488
2.95464
79.4555
0
0.726229
user_id:116, item_id:1522

71.0195
8.07322
2.95529
79.2758
0
0.724625
user_id:116, item_id:698

71.0194
8.07019
2.95487
79.4116
1
0.728071
user_id:117, item_id:276

71.006
8.02578
2.95587
74.0803
1
0.724655
user_id:117, item_id:952

71.0105
8.01424
2.95561
74.1325
0
0.724088
user_id:117, item_id:1614

71.0271
8.01355
2.95527
74.0718
0
0.72534
user_id:118, item_id:318

71.0162
7.40853
2.95476
72.7099
0
0.725252
user_id:118, item_id:1525

71.0199
7.38674
2.95487
72.9109
0
0.725064
user_id:118, item_id:595

71.0249
7.39703
2.955
72.7937
0
0.724778
user_id:119, item_id:664

71.0157
13.8958
2.95504
78.447
0
0.724725
user_id:119, item_id:427

71.0119
13.8978
2.95577
78.3894
1
0.724405
user_id:119, item_id:1338

71.0081
13.8954
2.95623
78.588
0
0.72529
user_id:120, item_id:894

71.0177
7.72858
2.95483
76.4419
0
0.727021
user_id:120, item_id:400

71.0145
7.7164
2.95549
76.7559
0
0.728396
user_id:120, item_id:147

71.0259
7.74981
2.95535
76.5431
1
0.725434
user_id:121, item_id:414

71.0272
7.89718
2.95547
74.6757
0
0.724055
user_id:121, item_id:936

71.0253
7.9051
2.95508
74.5091
1
0.725829
user_id:121, item_id:1366

71.0312
7.90297
2.95686
74.6441
0
0.725476
user_id:122, item_id:84

71.0264
8.61466
2.95484
73.4702
0
0.724559
user_id:122, item_id:83

71.0146
8.61245
2.95544
73.2877
0
0.724293
user_id:122, item_id:1311

71.0269
8.61222
2.95537
73.3942
0
0.725457
user_id:123, item_id:327

71.0905
9.37364
2.95522
80.5352
1
0.725232
user_id:123, item_id:1582

71.0241
9.39133
2.95566
80.4335
0
0.725518
user_id:123, item_id:1024

71.0245
9.38835
2.95658
80.435
1
0.725478
user_id:124, item_id:1137

71.0172
8.4604
2.95793
77.1948
1
0.724446
user_id:124, item_id:1366

71.0277
8.4605
2.95652
76.8794
0
0.724704
user_id:124, item_id:780

71.0137
8.46796
2.95513
77.1615
1
0.726265
user_id:125, item_id:157

71.027
8.48291
2.9556
83.2109
0
0.72486
user_id:125, item_id:559

71.0113
8.47246
2.95591
83.2636
0
0.725023
user_id:125, item_id:1173

71.0184
8.47874
2.954
83.0529
0
0.724853
user_id:126, item_id:150

71.0155
7.55189
2.95518
80.2448
0
0.728665
user_id:126, item_id:1268

71.021
7.52514
2.95577
80.5235
0
0.724697
user_id:126, item_id:773

71.0211
7.54506
2.95526
80.6798
0
0.724882
user_id:127, item_id:848

71.0224
10.8926
2.95462
83.0535
0
0.724816
user_id:127, item_id:1544

71.0198
10.882
2.95543
82.7862
0
0.725017
user_id:127, item_id:1485

71.0183
10.875
2.95535
82.7435
0
0.726265
user_id:128, item_id:540

71.021
7.98693
2.95558
80.6329
0
0.725922
user_id:128, item_id:181

71.0233
7.99624
2.95695
80.4823
0
0.725088
user_id:128, item_id:1329

71.0258
8.00941
2.95477
80.3824
0
0.725223
user_id:129, item_id:895

71.0274
18.3146
2.95497
85.0481
0
0.725455
user_id:129, item_id:605

71.0121
18.3144
2.95412
85.1474
0
0.724649
user_id:129, item_id:74

71.0312
18.3248
2.95726
84.9604
0
0.724874
user_id:130, item_id:311

71.0065
13.3934
2.95537
83.4015
0
0.724816
user_id:130, item_id:1259

71.0096
13.412
2.9541
83.7392
0
0.725243
user_id:130, item_id:234

71.0068
13.432
2.95446
83.4597
0
0.725357
user_id:131, item_id:458

71.0206
11.8292
2.9551
76.1499
0
0.72554
user_id:131, item_id:1673

71.0306
11.8219
2.95503
76.2213
0
0.724836
user_id:131, item_id:1170

71.0212
11.8211
2.95519
76.3866
0
0.725503
user_id:132, item_id:1584

71.016
10.2805
2.95429
73.4912
0
0.725099
user_id:132, item_id:1518

71.0186
10.2666
2.95468
73.7407
0
0.725315
user_id:132, item_id:1014

total time cost:
Times:396
Tuser:29292.49298
Tserver:286.462518
Tfriends:31129.7219
stranger:4062.10236
